pop_smoke <-
structure(c(381682, 109954, 42924, 412591, 115460, 45439, 418260, 
116801, 49707, 448107, 124182, 51924, 383600, 104367, 51307, 
411878, 111958, 54221, 327390, 88297, 55755, 347266, 94511, 58191, 
311896, 78216, 58695, 327819, 82162, 58159, 357415, 89611, 36439, 
388318, 95597, 39076, 395989, 109480, 46228, 426946, 114956, 
48515, 435995, 117386, 55080, 465248, 124781, 57358, 396927, 
105230, 57702, 425148, 112900, 60010, 344751, 89435, 65401, 364275, 
95469, 66116, 378307, 68985, 30804, 405293, 74641, 32713, 366361, 
89144, 38844, 396915, 95047, 41621, 405097, 108674, 49446, 435582, 
114246, 51337, 438580, 117273, 56333, 466852, 124648, 57854, 
407517, 105249, 59520, 433253, 112938, 59940, 414204, 75154, 
34071, 429911, 75229, 34708, 380529, 67924, 32272, 393492, 68624, 
33218, 368296, 86592, 40345, 383181, 85913, 41140, 402280, 104404, 
48384, 415828, 102514, 48520, 447577, 110489, 55200, 452414, 
110702, 54414, 434433, 91375, 41707, 371344, 61656, 34062, 447392, 
72539, 37440, 369033, 46891, 28246, 401935, 62579, 36845, 326855, 
38006, 27187, 372087, 73080, 42854, 305206, 43975, 33283, 404631, 
79099, 49099, 326551, 50606, 40424, 515794, 107550, 51903, 399248, 
57552, 36141, 503024, 90782, 49114, 361140, 46077, 33559, 512787, 
71267, 51119, 349735, 33178, 32490, 467748, 60886, 57061, 314430, 
25025, 33428, 451146, 64750, 67442, 309581, 29441, 46343, 543389, 
94499, 49208, 392581, 43065, 32474, 556301, 106785, 57524, 387922, 
47183, 37435, 543316, 89252, 58672, 350287, 38322, 42210, 543005, 
70475, 64140, 338585, 28059, 48361, 519036, 59222, 78627, 323902, 
21190, 62288, 486221, 72851, 40294, 333211, 28730, 23893, 565390, 
94230, 52785, 377426, 37290, 32385, 575514, 105368, 62144, 376201, 
41249, 40858, 544110, 87530, 61134, 334673, 34815, 49081, 560981, 
69016, 69329, 338685, 26058, 63693, 390871, 51719, 31169, 255008, 
19914, 18081, 497931, 72726, 43086, 321166, 25580, 23865, 571747, 
93284, 55152, 359991, 33186, 32663, 565964, 102752, 61025, 356165, 
37892, 41392, 548721, 85649, 61545, 328915, 33148, 52517, 265898, 
33656, 19941, 164122, 10976, 13035, 394876, 51391, 32800, 240806, 
17672, 17163, 498312, 72091, 44346, 303999, 22976, 22958, 558367, 
90937, 53501, 338460, 30678, 31535, 562653, 100527, 60664, 345337, 
36057, 41346, 232496, 33849, 19135, 145418, 14724, 11569, 266552, 
33029, 20487, 159908, 10899, 12603, 391845, 50460, 33218, 224398, 
15727, 15960, 482193, 69853, 42169, 280655, 20788, 21068, 549431, 
88699, 52204, 322200, 28720, 30139, 189902, 32482, 15084, 115371, 
12787, 15140, 229758, 32449, 19127, 134300, 13077, 10482, 262060, 
31924, 20368, 146606, 9435, 11141, 377459, 48361, 31111, 203291, 
13970, 13718, 473023, 67804, 40529, 264228, 19173, 19371, 162652, 
25698, 11067, 88890, 13404, 15601, 185007, 30135, 14866, 103625, 
10713, 13555, 223424, 30395, 18736, 120185, 11084, 8851, 250974, 
29695, 18402, 130711, 8037, 8486, 368935, 46321, 29621, 188004, 
12694, 12176, 124900, 17433, 7111, 62854, 10201, 11276, 154121, 
22744, 10478, 76040, 10542, 13579, 175398, 27069, 14257, 89145, 
8791, 11871, 210204, 27126, 16363, 103910, 9337, 6648, 241677, 
27466, 17240, 117446, 7038, 7253, 103123, 10457, 3853, 47043, 
5614, 6042, 110936, 14166, 6085, 49572, 7608, 8913, 139685, 19137, 
9554, 60902, 8176, 11683, 158408, 22948, 11832, 72101, 6822, 
8051, 196128, 24007, 14855, 88434, 7490, 5229, 77693, 5664, 1913, 
31836, 2419, 2683, 82194, 7401, 2912, 32192, 3514, 3890, 91139, 
10530, 4779, 34675, 5001, 6473, 115039, 13893, 7014, 42934, 5097, 
5409, 137428, 18723, 10107, 55514, 4634, 5608, 71783, 4110, 1305, 
19835, 1275, 1296, 92240, 5291, 1970, 27015, 1987, 2358, 106620, 
6853, 2903, 30295, 2590, 3290, 130374, 10236, 4839, 34651, 3579, 
4352, 174107, 15338, 8432, 44349, 4380, 5747, 0, 0, 0, 0, 0, 
0, 0, 0, 0, 0, 0, 0, 0, 0, 0, 0, 0, 0, 0, 0, 0, 0, 0, 0, 0, 0, 
0, 0, 0, 0, 0, 0, 0, 0, 0, 0, 0, 0, 0, 0, 0, 0, 0, 0, 0, 0, 0, 
0, 0, 0, 0, 0, 0, 0, 0, 0, 0, 0, 0, 0, 0, 0, 0, 0, 0, 0, 0, 0, 
0, 0, 0, 0, 0, 0, 0, 0, 0, 0, 0, 0, 0, 0, 0, 0, 0, 0, 0, 0, 0, 
0, 1948, 700, 235, 14089, 6075, 1459, 2113, 890, 282, 13405, 
5606, 1334, 2655, 1936, 541, 14359, 8099, 1636, 3546, 3902, 958, 
16865, 11056, 1836, 4761, 6399, 1540, 18969, 13284, 1852, 11817, 
3747, 1137, 82796, 35699, 9827, 15079, 4692, 1377, 89062, 32131, 
8550, 17622, 7509, 2026, 88202, 34067, 8658, 20836, 15316, 3389, 
91357, 46435, 10056, 29269, 27439, 5693, 107950, 59312, 11125, 
17792, 4381, 1102, 132357, 54558, 15451, 21027, 5562, 1412, 131106, 
46116, 14199, 27109, 7881, 2179, 137583, 41833, 12769, 30563, 
12604, 3627, 130922, 43324, 11974, 36327, 23772, 6010, 132644, 
56901, 14543, 18548, 2985, 758, 154693, 51341, 16721, 22646, 
5078, 1139, 160823, 58175, 18441, 26810, 7000, 1708, 154984, 
47925, 18929, 32059, 9847, 2789, 151330, 42817, 18838, 36982, 
15375, 5013, 144312, 43725, 21330, 15390, 1538, 427, 143249, 
37431, 13913, 20773, 3119, 735, 168111, 51144, 18518, 25125, 
5758, 1190, 171459, 56960, 20786, 27554, 7821, 1736, 153316, 
46229, 21494, 33205, 10850, 2899, 148711, 40925, 23585, 10732, 
692, 222, 111381, 23793, 10482, 16158, 1546, 405, 147811, 36475, 
14689, 21717, 3390, 730, 168631, 48860, 19264, 24615, 6137, 1113, 
162432, 53566, 20427, 27005, 8247, 1655, 143701, 43192, 21293, 
6555, 283, 101, 73473, 14205, 7539, 11261, 686, 218, 114117, 
23266, 11080, 16588, 1639, 395, 144663, 34521, 14786, 21052, 
3532, 673, 157068, 45412, 17980, 23648, 6334, 1044, 149174, 49225, 
18719, 4609, 152, 59, 56775, 11760, 6388, 6367, 251, 88, 68937, 
12791, 7177, 11561, 713, 209, 110250, 21980, 10803, 16144, 1673, 
357, 133456, 31855, 13473, 20338, 3612, 621, 143148, 41550, 16080, 
2992, 85, 35, 41043, 10422, 5941, 4709, 140, 56, 54995, 10984, 
6073, 6628, 257, 84, 65667, 11882, 6722, 11546, 718, 186, 101064, 
19909, 9648, 16125, 1704, 324, 122258, 28668, 12037, 2302, 38, 
15, 29750, 8547, 6423, 3135, 79, 30, 38398, 9351, 5499, 5102, 
139, 53, 51396, 9855, 5626, 6939, 252, 73, 59797, 10368, 5351, 
12173, 723, 167, 92200, 17556, 8461, 1724, 18, 8, 19906, 6862, 
4645, 2559, 34, 14, 26818, 7402, 5921, 3652, 78, 28, 34670, 7879, 
4868, 5806, 134, 44, 45644, 8094, 4092, 8055, 250, 65, 54042, 
8786, 4355, 1643, 8, 3, 14271, 3979, 2503, 2110, 15, 6, 16734, 
5279, 3682, 3401, 35, 11, 23098, 5760, 5007, 4927, 80, 22, 29592, 
6142, 3168, 8088, 137, 38, 40350, 6552, 3157, 2526, 7, 1, 10897, 
1999, 1124, 2734, 7, 2, 11146, 2806, 1593, 3539, 15, 4, 13273, 
3780, 2627, 5722, 35, 8, 18242, 3970, 2326, 8907, 85, 18, 25310, 
4767, 2209, 4528, 21, 1, 11839, 1681, 593, 5828, 19, 1, 14278, 
1956, 924, 6766, 23, 2, 15093, 2700, 1328, 8319, 42, 4, 18124, 
3765, 1768, 11069, 91, 8, 25886, 4690, 2433, 0, 0, 0, 0, 0, 0, 
0, 0, 0, 0, 0, 0, 0, 0, 0, 0, 0, 0, 0, 0, 0, 0, 0, 0, 0, 0, 0, 
0, 0, 0, 0, 0, 0, 0, 0, 0, 0, 0, 0, 0, 0, 0, 0, 0, 0, 0, 0, 0, 
0, 0, 0, 0, 0, 0, 0, 0, 0, 0, 0, 0, 0, 0, 0, 0, 0, 0, 0, 0, 0, 
0, 0, 0, 0, 0, 0, 0, 0, 0, 0, 0, 0, 0, 0, 0, 0, 0, 0, 0, 0, 0, 
33, 12, 2, 243, 69, 22, 35, 16, 3, 238, 64, 21, 43, 35, 6, 263, 
99, 25, 55, 76, 10, 317, 136, 27, 72, 129, 16, 367, 169, 27, 
809, 271, 49, 5924, 1795, 657, 1039, 346, 62, 6566, 1640, 585, 
1211, 556, 88, 6624, 1731, 596, 1411, 1167, 155, 6986, 2449, 
719, 1971, 2191, 262, 8497, 3262, 822, 2651, 659, 114, 20585, 
5964, 2292, 3144, 868, 150, 20965, 5232, 2222, 4153, 1268, 236, 
22869, 4895, 2159, 4794, 2086, 390, 22657, 5197, 2155, 5774, 
4087, 663, 24262, 7117, 2756, 4350, 720, 129, 38683, 9071, 3976, 
5502, 1240, 202, 41504, 10631, 4637, 6741, 1775, 311, 42194, 
9206, 5225, 8397, 2605, 511, 43553, 8611, 5681, 10039, 4260, 
917, 44229, 9093, 6780, 4980, 527, 104, 50188, 9362, 4612, 6997, 
1074, 183, 61415, 13188, 6478, 8976, 2008, 307, 65748, 15364, 
7930, 10352, 2844, 455, 63134, 13226, 9069, 13059, 4143, 772, 
65674, 12285, 10716, 4485, 306, 71, 51516, 7679, 4475, 6990, 
690, 133, 69966, 12236, 6568, 9968, 1535, 245, 84694, 17243, 
9334, 12098, 2815, 385, 87048, 19847, 10973, 14016, 3986, 582, 
